61.830197341 
32.027790438 
23.320604176 
19.290748220 
16.988402399 
14.271772261 
12.241741358 
10.912326776 
10.545641952 
8.759197208 
9.875866502 
9.768998083 
9.420005795 
9.361546887 
9.615739190 
9.020865481 
8.664341384 
8.618090151 
8.670845577 
7.728699030 
8.025099994 
7.903298656 
7.828630398 
8.016442591 
8.281598917 
7.991146055 
7.963533042 
7.967445500 
7.892268649 
7.910547979 
7.864420745 
8.385724713 
8.033573676 
7.889241688 
7.798029577 
7.811270071 
7.739125087 
7.802591151 
7.853453720 
7.845458925 
8.032869564 
7.776271233 
7.784942820 
8.377276334 
7.701713098 
7.684821671 
7.692813210 
7.686267612 
7.667460555 
7.752664314 
7.726850068 
7.825865457 
7.751385333 
7.767943902 
7.719192634 
7.715255079 
7.713158304 
7.692747795 
7.773751617 
7.715526810 
7.716062140 
7.705745775 
7.658139184 
7.758703565 
