63.404284219 
32.192541593 
22.745594711 
17.709677185 
15.706528257 
13.117134241 
11.281800658 
10.666181048 
10.770697028 
11.300298055 
9.267105004 
9.455970967 
9.517661106 
9.545540026 
8.896178675 
8.747972209 
8.795749836 
8.311520789 
8.115341091 
7.782768112 
7.960974621 
7.925340118 
7.857581532 
8.037337380 
7.894023827 
8.074713904 
7.953102981 
8.143219448 
7.831360329 
7.920216035 
7.891133513 
7.955175435 
8.014954039 
7.944002973 
7.802652665 
7.958236289 
7.738945775 
7.769320753 
7.731385387 
7.857732121 
7.689990296 
7.815135412 
7.773013106 
7.682449849 
7.658663831 
7.780823456 
7.666963767 
7.687827471 
7.695413140 
7.655813992 
7.931925382 
7.665104595 
7.750431282 
7.740255781 
7.723530734 
7.756797735 
7.775929130 
7.747284021 
7.897069447 
7.671678663 
7.729083910 
7.683749312 
7.687405091 
7.729352850 
